epoch, state, cogni, num_in, num_out, num_con, generosity, spawn_investment, connection_willingness, received_rewards, maintenance, births, deaths, population_size, 
17, 0.0, 500.0, 0.5, 0.0, 0.5, 0.040833094321741106, 81.0, 5.0, 0.0, 1.0, 0, -1, 1, 
18, 1.0, 499.0, 0.0, 0.5, 0.5, 0.043959586864318556, 230.5, 1.0, 0.0, 1.0, 0, 0, 1, 
19, 1.3333333333333333, 324.52859547920895, 0.3333333333333333, 1.0, 1.3333333333333333, 0.037006651939803785, 225.66666666666666, 4.0, 0.0, 1.3333333333333333, 0, -1, 2, 
20, 0.25, 482.29289321881345, 0.5, 1.75, 2.25, 0.037710785252043244, 203.5, 4.75, 0.0, 1.25, 0, -1, 3, 
21, 3.25, 477.93933982822017, 0.5, 2.0, 2.5, 0.030226707982165608, 287.75, 2.0, 0.0, 0.25, 0, 0, 3, 
22, 1.0, 550.1952621458756, 0.6666666666666666, 1.5, 2.1666666666666665, 0.044595313505991684, 185.16666666666666, 4.5, 0.0, 1.1666666666666667, 0, -2, 5, 
23, 3.8333333333333335, 538.1262265521468, 1.0, 1.0, 2.0, 0.046776482266636284, 179.33333333333334, 4.166666666666667, 0.0, 0.8333333333333334, 0, 0, 5, 
24, 3.25, 307.93933982822017, 1.25, 1.75, 3.0, 0.030145782711354284, 171.25, 6.75, 0.0, 1.0, 0, 2, 3, 
25, 3.75, 273.0857864376269, 1.5, 1.75, 3.25, 0.05751837436339308, 134.25, 5.0, 0.0, 0.75, 0, 0, 3, 
26, 1.5, 232.87867965644034, 1.5, 1.5, 3.0, 0.0424249812353693, 97.75, 5.75, 0.0, 0.75, 0, 0, 3, 
27, 2.5, 214.77512626584706, 1.5, 1.25, 2.75, 0.04597002425833581, 124.25, 5.0, 0.0, 0.5, 0, 0, 3, 
28, 2.2, 345.537258300203, 1.8, 2.2, 4.0, 0.04375948046491745, 111.0, 6.6, 0.0, 0.8, 0, -1, 4, 
29, 1.6, 376.3857864376269, 1.0, 1.6, 2.6, 0.05028638883097762, 212.4, 7.0, 0.0, 0.8, 0, 0, 4, 
30, 1.4, 407.55147186257614, 0.6, 2.0, 2.6, 0.06216869274356296, 105.2, 7.0, 0.0, 1.0, 0, 0, 4, 
31, 3.6, 391.66862915010154, 0.6, 1.8, 2.4, 0.03582215035588325, 188.6, 3.0, 0.0, 0.8, 0, 0, 4, 
32, 1.2, 353.3857864376269, 0.4, 1.2, 1.6, 0.04952061470778104, 269.4, 5.0, 0.0, 1.6, 0, 0, 4, 
33, 2.0, 451.98578643762687, 0.8, 1.0, 1.8, 0.034819240359748, 317.2, 6.6, 0.0, 0.2, 0, 0, 4, 
34, 3.1666666666666665, 358.2810485835025, 1.0, 1.6666666666666667, 2.6666666666666665, 0.044665889055339636, 226.0, 4.833333333333333, 0.0, 1.5, 0, -1, 5, 
35, 3.6, 399.62010101267765, 1.2, 2.0, 3.2, 0.042543401130618885, 169.0, 5.8, 0.0, 0.6, 0, 1, 4, 
36, 2.0, 417.4201010126777, 0.8, 1.2, 2.0, 0.049878139968130134, 161.0, 4.0, 0.0, 0.4, 0, 0, 4, 
37, 3.5, 316.2322330470336, 1.0, 1.75, 2.75, 0.044901194361069346, 99.0, 5.25, 0.0, 1.25, 0, 1, 3, 
38, 2.5, 279.12867965644034, 1.25, 2.0, 3.25, 0.0467635842144543, 111.75, 7.25, 0.0, 1.25, 0, 0, 3, 
39, 4.0, 251.27512626584706, 1.5, 2.0, 3.5, 0.050579182728148715, 108.25, 4.25, 0.0, 0.5, 0, 0, 3, 
40, 4.25, 208.0680194846605, 1.75, 1.75, 3.5, 0.033099292401606445, 281.0, 7.75, 0.0, 0.5, 0, 0, 3, 
41, 2.0, 239.12867965644034, 1.25, 1.25, 2.5, 0.03409357883065603, 187.25, 4.25, 0.0, 1.0, 0, 0, 3, 
42, 0.75, 216.4215728752538, 1.5, 1.0, 2.5, 0.03025130338195986, 303.75, 4.0, 0.0, 0.75, 0, 0, 3, 
43, 3.75, 206.0680194846605, 1.75, 0.75, 2.5, 0.03582460578564442, 81.75, 8.25, 0.0, 0.75, 0, 0, 3, 
44, 0.0, 103.37867965644034, 2.0, 0.5, 2.5, 0.006426688333128455, 23.5, 2.5, 0.0, 0.0, 0, 2, 1, 
45, 0.5, 102.87867965644034, 1.0, 0.5, 1.5, 0.04815100530958583, 77.0, 3.0, 0.0, 0.5, 0, 0, 1, 
46, 3.5, 94.87867965644034, 1.0, 0.5, 1.5, 0.025223905520867677, 222.5, 5.5, 0.0, 1.0, 0, 0, 1, 
47, 2.5, 56.87867965644034, 1.0, 0.5, 1.5, 0.02480578039533852, 118.5, 0.0, 0.0, 1.0, 0, 0, 1, 
48, 0.5, 28.87867965644034, 1.5, 0.5, 2.0, 0.040819723129787065, 6.5, 3.5, 0.0, 0.0, 0, 0, 1, 
49, 1.0, 23.37867965644034, 1.5, 0.5, 2.0, 0.009426471236299586, 241.5, 6.5, 0.0, 0.0, 0, 0, 1, 
50, 0.0, 241.5, 0.0, 0.5, 0.5, 0.039966457067751364, 51.5, 0.0, 0.0, 0.5, 0, 0, 1, 
51, 2.5, 241.0, 0.5, 1.0, 1.5, 0.03274857356926449, 67.0, 4.0, 0.0, 0.0, 0, 0, 1, 
52, 0.5, 215.5, 0.5, 1.0, 1.5, 0.006046082083278707, 67.5, 0.0, 0.0, 0.0, 0, 0, 1, 
53, 2.5, 209.29289321881345, 0.5, 1.0, 1.5, 0.0168437667576184, 237.0, 3.0, 0.0, 0.0, 0, 0, 1, 
54, 0.0, 237.0, 0.0, 2.0, 2.0, 0.020924219315381402, 98.0, 3.0, 0.0, 0.0, 0, 0, 1, 
55, 2.5, 236.0, 0.0, 2.5, 2.5, 0.04344004571733112, 228.5, 0.0, 0.0, 1.0, 0, 0, 1, 
56, 0.0, 228.5, 0.5, 0.0, 0.5, 0.0410521481805132, 89.0, 5.5, 0.0, 1.0, 0, 0, 1, 
57, 0.0, 227.29289321881345, 0.5, 0.0, 0.5, 0.03767007326472827, 104.5, 1.0, 0.0, 1.0, 0, 0, 1, 
58, 3.0, 225.29289321881345, 1.0, 0.0, 1.0, 0.04362145956533961, 19.5, 6.0, 0.0, 1.0, 0, 0, 1, 
59, 1.5, 193.29289321881345, 1.5, 0.0, 1.5, 0.04284541528947407, 209.0, 5.5, 0.0, 0.0, 0, 0, 1, 
60, 0.5, 177.79289321881345, 1.5, 0.0, 1.5, 0.035399296144364954, 109.5, 6.5, 0.0, 0.5, 0, 0, 1, 
61, 2.0, 170.29289321881345, 1.5, 0.0, 1.5, 0.007686291533657301, 104.5, 1.5, 0.0, 0.0, 0, 0, 1, 
62, 3.5, 149.79289321881345, 1.5, 0.0, 1.5, 0.03130103278460264, 210.5, 5.5, 0.0, 1.0, 0, 0, 1, 
63, 3.0, 111.29289321881345, 2.0, 0.0, 2.0, 0.04661127565470626, 147.5, 6.0, 0.0, 0.0, 0, 0, 1, 
64, 1.75, 298.61091270347396, 1.0, 0.5, 1.5, 0.03343035520032771, 149.0, 5.0, 0.0, 0.5, 0, -2, 3, 
65, 2.5, 279.7573593128807, 0.75, 0.5, 1.25, 0.03443308914946542, 175.75, 4.0, 0.0, 0.5, 0, 0, 3, 
66, 2.5, 252.50735931288068, 0.75, 0.5, 1.25, 0.0320687058299584, 224.25, 4.0, 0.0, 1.0, 0, 0, 3, 
67, 2.0, 342.96446609406723, 0.5, 0.75, 1.25, 0.051081215346779646, 229.25, 6.0, 0.0, 0.75, 0, 0, 3, 
68, 3.0, 525.2848433350842, 1.4285714285714286, 1.7142857142857142, 3.142857142857143, 0.03862065009287176, 245.35714285714286, 7.428571428571429, 0.0, 0.7857142857142857, 0, -10, 13, 
69, 3.4166666666666665, 463.9501683544627, 1.9166666666666667, 1.5, 3.4166666666666665, 0.06129483315226062, 207.0, 7.25, 0.0, 0.75, 0, 2, 11, 
70, 3.5833333333333335, 464.94179293251364, 2.4166666666666665, 1.5833333333333333, 4.0, 0.052697572644291014, 251.5, 7.25, 0.0, 0.5, 0, 0, 11, 
71, 2.8333333333333335, 387.3525372815249, 2.5, 1.75, 4.25, 0.06637059712506918, 219.58333333333334, 5.5, 0.0, 0.75, 0, 0, 11, 
72, 3.5, 386.65441558772835, 2.9, 1.8, 4.7, 0.05963093400115414, 309.2, 6.4, 0.0, 0.7, 0, 2, 9, 
73, 2.25, 541.1072330470336, 1.75, 1.5, 3.25, 0.05728035246095736, 192.375, 3.25, 0.0, 1.0, 0, 2, 7, 
74, 2.8, 487.10016835446277, 1.7333333333333334, 1.8, 3.533333333333333, 0.04020413221452192, 232.06666666666666, 6.066666666666666, 0.0, 0.8666666666666667, 0, -7, 14, 
75, 4.0, 432.6260777464189, 1.75, 1.625, 3.375, 0.04979513092274289, 256.625, 6.8125, 0.0, 1.3125, 0, -1, 15, 
76, 3.533333333333333, 418.38497355037214, 1.6666666666666667, 1.6, 3.2666666666666666, 0.05801732410591662, 249.86666666666667, 5.866666666666666, 0.0, 1.2, 0, 1, 14, 
77, 2.625, 386.42969426993574, 1.8125, 1.8125, 3.625, 0.04716643942770059, 255.3125, 6.0, 0.0, 0.875, 0, -1, 15, 
78, 2.235294117647059, 421.17330447828454, 1.3529411764705883, 1.9411764705882353, 3.2941176470588234, 0.049576752060570134, 181.41176470588235, 6.764705882352941, 0.0, 0.7647058823529411, 0, -1, 16, 
79, 2.6, 451.1001683544627, 1.6666666666666667, 2.066666666666667, 3.7333333333333334, 0.05191800433084579, 277.53333333333336, 7.133333333333334, 0.0, 0.8, 0, 2, 14, 
80, 3.0625, 468.33762626584706, 1.375, 1.6875, 3.0625, 0.05075802149323888, 214.0625, 3.8125, 0.0, 1.1875, 0, -1, 15, 
81, 3.0625, 446.6715728752538, 1.5625, 1.875, 3.4375, 0.046080498867381595, 207.0625, 6.75, 0.0, 0.8125, 0, 0, 15, 
82, 3.0, 423.0279180731634, 1.5555555555555556, 1.7777777777777777, 3.3333333333333335, 0.056475489754908285, 248.88888888888889, 4.222222222222222, 0.0, 1.0, 0, -2, 17, 
83, 3.0555555555555554, 446.64856101067744, 1.9444444444444444, 1.8333333333333333, 3.7777777777777777, 0.04964309385248601, 267.8333333333333, 6.666666666666667, 0.0, 1.0555555555555556, 0, 0, 17, 
84, 2.2777777777777777, 377.8668350211294, 2.111111111111111, 1.7777777777777777, 3.888888888888889, 0.06070511044860684, 279.5, 6.388888888888889, 0.0, 0.7222222222222222, 0, 0, 17, 
85, 4.0, 381.57430105112223, 2.0625, 1.75, 3.8125, 0.046193686357607386, 238.8125, 5.5, 0.0, 0.875, 0, 2, 15, 
86, 2.2142857142857144, 433.27976706280816, 1.7857142857142858, 1.1428571428571428, 2.9285714285714284, 0.047847554000024085, 186.28571428571428, 6.142857142857143, 0.0, 0.7857142857142857, 0, 2, 13, 
87, 2.4285714285714284, 444.089991759273, 1.8571428571428572, 1.2142857142857142, 3.0714285714285716, 0.04892530845941062, 152.64285714285714, 7.071428571428571, 0.0, 0.8571428571428571, 0, 0, 13, 
88, 3.6, 455.50686869202195, 2.0, 1.2666666666666666, 3.2666666666666666, 0.050930486526088815, 243.46666666666667, 6.8, 0.0, 0.9333333333333333, 0, -1, 14, 
89, 3.533333333333333, 418.8449398794797, 2.1333333333333333, 1.2666666666666666, 3.4, 0.04933224897130071, 236.53333333333333, 4.933333333333334, 0.0, 0.7333333333333333, 0, 0, 14, 
90, 2.2, 405.0449398794796, 2.2, 1.6666666666666667, 3.8666666666666667, 0.04845851489897586, 198.13333333333333, 7.066666666666666, 0.0, 1.0, 0, 0, 14, 
91, 2.8, 401.93922078363795, 2.2666666666666666, 1.7333333333333334, 4.0, 0.04852396571789482, 159.13333333333333, 5.866666666666666, 0.0, 1.0, 0, 0, 14, 
92, 2.4, 479.68517677218586, 2.5, 2.05, 4.55, 0.05857045541001156, 220.15, 6.95, 0.0, 1.05, 0, -5, 19, 
93, 3.5238095238095237, 479.21580774135543, 2.380952380952381, 1.9523809523809523, 4.333333333333333, 0.05272182492716785, 184.23809523809524, 5.190476190476191, 0.0, 1.0, 0, -1, 20, 
94, 2.260869565217391, 442.8026475981129, 2.0869565217391304, 2.0, 4.086956521739131, 0.05713089433783066, 253.52173913043478, 5.6521739130434785, 0.0, 0.9565217391304348, 0, -2, 22, 
95, 3.1363636363636362, 458.6274563866866, 2.3636363636363638, 2.3636363636363638, 4.7272727272727275, 0.04893163891844241, 220.86363636363637, 6.909090909090909, 0.0, 0.9090909090909091, 0, 1, 21, 
96, 3.125, 451.6483916591662, 2.125, 2.25, 4.375, 0.05308029845072065, 237.20833333333334, 4.708333333333333, 0.0, 1.0416666666666667, 0, -2, 23, 
97, 2.4, 401.3411832670727, 2.3333333333333335, 2.066666666666667, 4.4, 0.04184260364162304, 275.0, 6.466666666666667, 0.0, 0.6, 0, 9, 14, 
98, 1.5333333333333334, 505.71634440027066, 1.8, 2.066666666666667, 3.8666666666666667, 0.0548497873690021, 241.26666666666668, 7.333333333333333, 0.0, 1.0666666666666667, 0, 0, 14, 
99, 3.066666666666667, 487.47729197109555, 1.8, 2.4, 4.2, 0.04633233649792757, 243.8, 6.266666666666667, 0.0, 1.0, 0, 0, 14, 
100, 2.588235294117647, 491.28330787152504, 1.5294117647058822, 2.3529411764705883, 3.8823529411764706, 0.054582949103349175, 217.64705882352942, 5.352941176470588, 0.0, 1.0, 0, -2, 16, 
